3.57 7.77
8.83 6.01
-0.58 -5.17
-9.67 9.55
-5.71 3.43
6.34 4.39
-4.6 -1.23
-6.43 -5.39
1.15 -6.96
2.49 9.4
3.73 -1.54
9.87 -1.15
1.84 6.26
-2.19 -3.53
-1.5 -5.76
0.12 -7.82
6.63 0.87
7 0.19
4.95 -7.04
6.92 8.39
-0.08 -1.69
6.84 -6.47
-2.22 9.59
0.16 -0.87
1.2 -4.76
-3.31 1.16
6.18 2.22
9.71 8.45
-5.53 -4.18
3.56 -1.1
1.62 4.47
0.45 1.19
0.97 -5.56
2.6 4.58
1.71 -8.27
7.04 1.32
-8.54 7.6
7.66 -8.39
8.02 5.16
7.4 8.23
-1.51 -1.46
-6.38 -4.32
0 -3.88
-2.84 -0.42
-7.71 -5.83
-6.17 -6.84
-6.09 -8.1
-0.57 -6.49
0.45 -1.47
-3.78 -9.68